Palette: 9
PlacedObjects: CustomDecal><-86.10943><-83.13164><-149.3333~513.0667~1175.467~618.1334~1171.2~-32~26.66669~199.4667~0.06956524~0.6869566~1~superrust2~0.3144929~1~0.3144929~1~0.3144929~1~0.3144929~1, InsectGroup><174.0991><143.1181><-9.06665~121.3333~0~0~RedSwarmer~0.08840611, InsectGroup><481.2556><59.72281><-212.8~312.2667~0~0~RockFlea~0.1289859, CustomDecal><87.64005><156.824><-11.20001~187.7333~137.6~163.2~113.6~-28.80002~307.2~-80.53333~0.318841~0.3681156~0~glape~0.2507245~0.4347819~0.2507245~0.4347819~0.2507245~0.4347819~0.2507245~0.4347819, 
FadePalette: 54545454, 0.2289855
