Template: NONE
Clouds: 0.295652
Grime: 0.5869565
RandomItemDensity: 1
RandomItemSpearChance: 0.4840575
Palette: 54545454
EffectColorA: 5
EffectColorB: 13
Effects: Flies-0.06956515-30-30, Beetle-0.06956515-40-40, Ant-0.02318838-50-50, RedSwarmer-0.1101451-20-20, 
PlacedObjects: CustomDecal><272.1129><-15.77155><-393.0667~556.8~747.7335~680.5333~683.2~-18.66667~-432.5334~-14.93332~0~1~1~superrust2~0.331884~1~0.331884~1~0.331884~1~0.331884~1, CustomDecal><196.3831><109.5906><-11.73334~183.4667~236.8~130.6667~207.4667~-34.13335~-360.5333~-47.99995~0.2840579~1~0~karmic mess~0.5~0.3188405~0.5~0.3188405~0.5~0.3188405~0.5~0.3188405, CustomDecal><453.4444><418.98><413.3333~129.0667~436.8~-147.7333~27.20001~-121.6~-249.0667~-333.3333~0.6666664~1~0.5681159~memorial3~0.2797095~0.1043476~0.2797095~0.1043476~0.2797095~0.1043476~0.2797095~0.1043476, CustomDecal><269.3935><-36.67261><-93.8667~628.2667~408.5333~597.8667~346.1334~0.5333334~-417.0667~19.73334~0~1~0~rust1~0.2797102~1~0.2797102~1~0.2797102~1~0.2797102~1, CustomDecal><155.4512><534.1116><11.19995~-578.1334~620.2665~-572.2667~690.6667~117.3333~-305.6~-374.9333~0~1~1~rust3~0.3782609~1~0.3782609~1~0.3782609~1~0.3782609~1, CustomDecal><199.87><316.7278><10.1333~57.60004~461.3333~69.8667~441.6~-21.33331~-316.2667~-61.3333~0.3304347~0.3797103~0~verybigsimple~0.3550727~0.7130436~0.3550727~0.7130436~0.3550727~0.7130436~0.3550727~0.7130436, CustomDecal><630.8051><95.67175><-16.53333~185.0667~116.8~209.6~115.7333~-10.13333~-343.4666~-77.86667~0.3246374~0.4318848~0~whiteeye~0.4478256~0.2666666~0.4478256~0.2666666~0.4478256~0.2666666~0.4478256~0.2666666, CustomDecal><81.91968><287><77.86667~340.2666~884.8~254.9334~701.8666~-265.0667~-312.5333~-3.200043~0~1~1~greybones~0.2275362~1~0.2275362~1~0.2275362~1~0.2275362~1, InsectGroup><484.761><414.8415><-215.4666~194.4~0~0~RedSwarmer~0.2217394, InsectGroup><479.5914><142.9896><-51.73334~254.1334~0~0~RockFlea~0.4362322, MultiplayerItem><167.2518><326.414><ExplosiveSpear~17.32051~-10~0.1014491, MultiplayerItem><662.1135><112.302><Bomb~17.32051~-10~0.07826034, MultiplayerItem><780.1639><330.5291><ExplosiveSpear~17.32051~-10~0.03188423, 
AmbientSounds: OMNI><AM_ENV-WallHum.ogg><439.7114><11.11277><0.5><1, OMNI><AM_IND-Utility01.ogg><620.295><10.19879><0.5><1, SPOT><SO_IND-MechHum02.ogg><250.246><-34.5722><0.3202893><1><509.446><170.7612><-101.4886><-64.68866><0><0.3898548, SPOT><SO_IND-HeatDuct.ogg><800.1308><-35.67386><0.5><1><943.5974><114.7261><-35.35534><-35.35534><0><0.5, SPOT><SO_SFX-Data3.ogg><83.79482><-34.7747><0.5130436><0.1><490.7281><590.8252><-35.35534><-35.35534><0><0.4014501, SPOT><SO_IND-WinFan.ogg><78.91666><-18.7936><0.2391304><1><553.05><652.6731><-35.35534><-35.35534><0><0.2623191, OMNI><SO_WAT-LilDrips.ogg><451.5123><67.71385><0.337681><1, SPOT><AM_ENV-LightWind.ogg><725.0505><520.7866><0.5><1><546.9171><354.9199><-121.7554><-41.75534><0><0.4536226, 
