Palette: 6
Effects: ModifyEffectColorB-0.5565217,0.3478261,0.1579713-40-40, 
FadePalette: 8, 0.226087
