Grime: 0.4942026
PlacedObjects: CustomDecal><379.2029><131.1138><21.33334~436.8~535.4667~453.3333~466.1334~-118.4~-323.7333~58.13336~0.1391305~0.4550725~0~caterpillar~0.5~1~0.5~1~0.5~1~0.5~1, CustomDecal><184.8286><276.6343><667.7333~233.6~798.9333~-20.79999~64~-166.4~-300.8~5.333313~0~1~0~rust1~0.5~1~0.5~1~0.5~1~0.5~1, CustomDecal><412.4249><118.9984><-391.4667~45.86665~-357.8667~308.8~748.2667~552.5333~390.9332~-29.33344~0~1~0~rust2~0.5~1~0.5~1~0.5~1~0.5~1, CustomDecal><454.0829><181.8887><-65.59998~274.6667~349.8667~310.4~271.4666~-19.20001~-350.9333~-22.93329~0.1159419~0.507246~0~pinkbubbly~0.5~0.2782609~0.5~0.2782609~0.5~0.2782609~0.5~0.2782609, CustomDecal><637.2851><267.1591><-5.866699~182.9333~132.2667~137.6~110.9333~-26.66666~-298.6666~-41.60001~0.3768118~1~0~redghostsquid~0.5~0.2086958~0.5~0.2086958~0.5~0.2086958~0.5~0.2086958, 
Triggers: Spot<tA>event<tB>StopMusicEvent<eA>songName<eB>NO SONG<eA>prio<eB>1<eA>type<eB>AllSongs<eA>fadeOut<eB>401.739<tA>multiUse<tB>1<tA>toCycle<tB>-1<tA>fromCycle<tB>0<tA>delay<tB>0<tA>panPos<tB>307.5558<tB>494.9011<tA>fireChance<tB>1<tA>entrance<tB>-1<tA>karma<tB>0<tA>slugcats<tB><tA>pos<tB>799.2892<tB>319.4345<tA>handlePos<tB>-147.3553<tB>-106.822, 
FadePalette: 9, 0.6956524
MorePalette0: 35, 0.2666659
