WaveSpeed: 0.4975408
WaveLength: 0.7487704
WaveAmplitude: 0.04940138
SecondWaveLength: 0.1666667
SecondWaveAmplitude: 0
Clouds: 0.2318842
PlacedObjects: CustomDecal><98.29218><323.9655><125.3333~341.8667~708.2667~273.6~394.6667~-340.2667~0~0~0~0.4318841~0~rust1~0.4130435~1~0.4130435~1~0.4130435~1~0.4130435~1, CustomDecal><191.3211><71.81309><-238.9333~505.6~678.9333~723.7333~489.0667~-81.06667~179.7334~-29.86665~0.3652165~1~0.5507242~rustb3~0.2855079~1~0.2855079~1~0.2855079~1~0.2855079~1, CustomDecal><267.7177><208.0206><173.3333~342.9334~398.4~273.6~225.6~-104.5333~0~0~0~1~0.3942029~cartooncat~0.2739128~1~0.2739128~1~0.2739128~1~0.2739128~1, CustomDecal><137.3253><326.7419><175.4667~262.4~588.8~81.60001~301.3333~-280~0~0~0~1~0.2840579~greybubbly~0.2333331~1~0.2333331~1~0.2333331~1~0.2333331~1, CustomDecal><447.5544><111.8965><-45.86664~132.8~177.5999~185.0667~123.7333~-44.8~-460.8~-67.20001~0.173913~1~0.5797102~whiteface3~0.3550723~0.330435~0.3550723~0.330435~0.3550723~0.330435~0.3550723~0.330435, InsectGroup><588.9205><434.2279><-138.1333~172.5333~0~0~RedSwarmer~0.05362302, DangleFruit><268.7487><404.9974><0~0~2~3, DangleFruit><218.6917><398.7652><0~0~2~3, 
AmbientSounds: SPOT><AM_IND-ElectricHum01.ogg><675.8472><22.23245><0.5><1><405.9805><557.6992><-12.42203><-8.155365><0><0.2507245, SPOT><SO_IND-Humm.ogg><721.4639><413.9268><0.326087><1><186.5306><190.9934><-35.35534><-35.35534><0><0.4594202, 
FadePalette: 4, 0
